2 100
13
1
10 5431955111
15 111212121244311
3 431 2
3 121 3
3 111 4
2 0 121 2
3 121 5
3 111 2
2 1 2 1234
3 122 1
2 0 1234 1111
3 111 5
3 122 0
3 121 6
21
1
100 8841799686422447259651692186975814271396383998824899593999557453995847929171919792823298775488367896
100 4715311434156648282954971779394949493463664442343257277934712466296942821199834324335213822678796746
2 0 4 78
2 1 743 9
2 0 274 552
3 435 1
2 1 69 737
2 0 26 821
2 1 4 564
2 1 92 9842
3 296 1
3 297 0
3 697 2
2 0 879 4
3 248 2
3 269 0
3 479 1
3 883 1
3 727 1
3 648 1
2 0 2917 78
2 0 9178 5975
